       100
       131
       159
       181
       195
       200
       195
       181
       159
       131
       100
        69
        41
        19
         5
         0
         5
        19
        41
        69
       100
       131
       159
       181
       195
       200
       195
       181
       159
       131
       100
        69
        41
        19
         5
         0
         5
        19
        41
        69
       100
       131
       159
       181
       195
       200
       195
       181
       159
       131
       100
        69
        41
        19
         5
         0
         5
        19
        41
        69
       100
       131
       159
       181
       195
       200
       195
       181
       159
       131
       100
        69
        41
        19
         5
         0
         5
        19
        41
        69
       100
       131
       159
       181
       195
       200
       195
       181
       159
       131
       100
        69
        41
        19
         5
         0
         5
        19
        41
        69
       100
       131
       159
       181
       195
       200
       195
       181
       159
       131
       100
        69
        41
        19
         5
         0
         5
        19
        41
        69
       100
       131
       159
       181
       195
       200
       195
       181
       159
       131
       100
        69
        41
        19
         5
         0
         5
        19
        41
        69
       100
       131
       159
       181
       195
       200
       195
       181
       159
       131
       100
        69
        41
        19
         5
         0
         5
        19
        41
        69
       100
       131
       159
       181
       195
       200
       195
       181
       159
       131
       100
        69
        41
        19
         5
         0
         5
        19
        41
        69
       100
       131
       159
       181
       195
       200
       195
       181
       159
       131
       100
        69
        41
        19
         5
         0
         5
        19
        41
        69
