         0
       120
       104
        88
        72
        56
        40
        24
         8
       120
       104
        88
        72
        56
        40
        24
         8
       120
       104
        88
        72
        56
        40
        24
         8
       120
       104
        88
        72
        56
        40
        24
         8
       120
       104
        88
        72
        56
        40
        24
         8
       120
       104
        88
        72
        56
        40
        24
         8
       120
       104
        88
        72
        56
        40
        24
         8
       120
       104
        88
        72
        56
        40
        24
         8
       120
       104
        88
        72
        56
        40
        24
         8
       120
       104
        88
        72
        56
        40
        24
         8
       120
       104
        88
        72
        56
        40
        24
         8
       120
       104
        88
        72
        56
        40
        24
         8
       120
       104
        88
        72
        56
        40
        24
         8
       120
       104
        88
        72
        56
        40
        24
         8
       120
       104
        88
        72
        56
        40
        24
         8
       120
       104
        88
        72
        56
        40
        24
         8
       120
       104
        88
        72
        56
        40
        24
         8
       120
       104
        88
        72
        56
        40
        24
         8
       120
       104
        88
        72
        56
        40
        24
         8
       120
       104
        88
        72
        56
        40
        24
         8
       120
       104
        88
        72
        56
        40
        24
         8
       120
       104
        88
        72
        56
        40
        24
         8
       120
       104
        88
        72
        56
        40
        24
         8
       120
       104
        88
        72
        56
        40
        24
         8
       120
       104
        88
        72
        56
        40
        24
