         0
        16
        32
        48
        64
        80
        96
       112
       128
       112
        96
        80
        64
        48
        32
        16
         0
        16
        32
        48
        64
        80
        96
       112
       128
       112
        96
        80
        64
        48
        32
        16
         0
        16
        32
        48
        64
        80
        96
       112
       128
       112
        96
        80
        64
        48
        32
        16
         0
        16
        32
        48
        64
        80
        96
       112
       128
       112
        96
        80
        64
        48
        32
        16
         0
        16
        32
        48
        64
        80
        96
       112
       128
       112
        96
        80
        64
        48
        32
        16
         0
        16
        32
        48
        64
        80
        96
       112
       128
       112
        96
        80
        64
        48
        32
        16
         0
        16
        32
        48
        64
        80
        96
       112
       128
       112
        96
        80
        64
        48
        32
        16
         0
        16
        32
        48
        64
        80
        96
       112
       128
       112
        96
        80
        64
        48
        32
        16
         0
        16
        32
        48
        64
        80
        96
       112
       128
       112
        96
        80
        64
        48
        32
        16
         0
        16
        32
        48
        64
        80
        96
       112
       128
       112
        96
        80
        64
        48
        32
        16
         0
        16
        32
        48
        64
        80
        96
       112
       128
       112
        96
        80
        64
        48
        32
        16
         0
        16
        32
        48
        64
        80
        96
       112
       128
       112
        96
        80
        64
        48
        32
        16
         0
        16
        32
        48
        64
        80
        96
       112
