       100
       109
       119
       129
       138
       147
       155
       163
       170
       177
       183
       188
       192
       195
       198
       199
       199
       199
       198
       195
       192
       188
       183
       177
       170
       163
       155
       147
       138
       129
       119
       109
       100
        91
        81
        71
        62
        53
        45
        37
        30
        23
        17
        12
         8
         5
         2
         1
         1
         1
         2
         5
         8
        12
        17
        23
        30
        37
        45
        53
        62
        71
        81
        91
       100
       109
       119
       129
       138
       147
       155
       163
       170
       177
       183
       188
       192
       195
       198
       199
       199
       199
       198
       195
       192
       188
       183
       177
       170
       163
       155
       147
       138
       129
       119
       109
       100
        91
        81
        71
        62
        53
        45
        37
        30
        23
        17
        12
         8
         5
         2
         1
         1
         1
         2
         5
         8
        12
        17
        23
        30
        37
        45
        53
        62
        71
        81
        91
       100
       109
       119
       129
       138
       147
       155
       163
       170
       177
       183
       188
       192
       195
       198
       199
       199
       199
       198
       195
       192
       188
       183
       177
       170
       163
       155
       147
       138
       129
       119
       109
       100
        91
        81
        71
        62
        53
        45
        37
        30
        23
        17
        12
         8
         5
         2
         1
         1
         1
         2
         5
         8
        12
        17
        23
        30
        37
        45
        53
        62
        71
        81
        91
       100
       109
       119
       129
       138
       147
       155
       163
